Date,Open,High,Low,Close,Adj Close,Volume,macd,signal,macd_diff,crossover,crossunder,lowest_MACD,MACD_ratio,lowest_Low,MACD_up,state,screen_passed,marker
2021-04-28,1220.0,1223.800048828125,1212.0,1218.0,1162.3662109375,122660,0.0,0.0,0.0,False,False,,0.0,,False,"(0, 0, 0, 0)",False,
2021-04-29,1232.0,1232.0,1208.0,1214.0,1158.548828125,135637,-0.08974358974364804,-0.04985754985758224,-0.0398860398860658,False,True,,,,False,"(0, 0, 0, 0)",False,
2021-04-30,1214.0,1215.5050048828125,1204.0,1206.0,1150.914306640625,172813,-0.36243066756060216,-0.17796128662111496,-0.1844693809394872,False,False,,,,False,"(0, 0, 0, 0)",False,
2021-05-04,1210.0,1218.0,1194.0,1196.0,1141.37109375,251917,-0.8386180319114374,-0.40176099708531626,-0.4368570348261211,False,False,,,,False,"(0, 0, 0, 0)",False,
2021-05-05,1206.0,1213.875,1196.0,1202.0,1147.096923828125,158224,-0.840962293997336,-0.5324134533299676,-0.30854884066736843,False,False,,,,True,"(0, 0, 0, 0)",False,
2021-05-06,1202.0,1215.0,1202.0,1210.0,1154.731689453125,147519,-0.48447953394156684,-0.5194206961013482,0.03494116215978138,True,False,,0.0,,True,"(0, 0, 0, 0)",False,
2021-05-07,1222.0,1229.1719970703125,1121.0,1222.0,1166.1834716796875,223808,0.29610154577881076,-0.313033772835164,0.6091353186139747,False,False,,0.0,,True,"(0, 0, 0, 0)",False,
2021-05-10,1226.0,1232.0,1206.0,1208.0,1152.822998046875,297322,0.14890688366904214,-0.20202074628123232,0.3509276299502745,False,False,,0.0,,False,"(0, 0, 0, 0)",False,
2021-05-11,1194.0,1203.5,1178.0,1194.0,1139.46240234375,240161,-0.649879294315042,-0.30547829271475635,-0.34440100160028564,False,True,,,,False,"(0, 0, 0, 0)",False,
2021-05-12,1200.0,1200.0,1180.0,1180.0,1126.1019287109375,227011,-1.9281925882266933,-0.6690604933450099,-1.2591320948816833,False,False,,,,False,"(0, 0, 0, 0)",False,
2021-05-13,1188.0,1190.0,1166.0,1188.0,1133.736572265625,155006,-2.3986761706066773,-1.0474905206164478,-1.3511856499902295,False,False,,,,False,"(0, 0, 0, 0)",False,
2021-05-14,1202.0,1202.0,1190.0,1196.0,1141.37109375,166139,-2.2715299581482213,-1.3103628575663706,-0.9611671005818507,False,False,,,,True,"(0, 0, 0, 0)",False,
2021-05-17,1200.0,1212.0,1186.0,1188.0,1133.736572265625,157216,-2.5990074651565465,-1.5830848279645444,-1.015922637192002,False,False,,,,False,"(0, 0, 0, 0)",False,
2021-05-18,1216.0,1216.0,1184.0,1188.0,1133.736572265625,213143,-2.8103730597724734,-1.8398344417578392,-0.9705386180146343,False,False,,,,True,"(0, 0, 0, 0)",False,
2021-05-19,1172.0,1186.0,1168.0,1178.0,1124.193115234375,346106,-3.5273329191968514,-2.1896418927611894,-1.337691026435662,False,False,,,,False,"(0, 0, 0, 0)",False,
2021-05-20,1172.0,1187.9000244140625,1172.0,1182.0,1128.010498046875,150108,-3.784424217955575,-2.517836206481156,-1.2665880114744188,False,False,,,,True,"(0, 0, 0, 0)",False,
2021-05-21,1184.0,1194.10302734375,1182.0,1182.0,1128.010498046875,158594,-3.933527775055609,-2.8074971037408596,-1.1260306713147492,False,False,,,,True,"(0, 0, 0, 0)",False,
2021-05-24,1190.0,1194.0,1182.0,1192.0,1137.5538330078125,127696,-3.3689295287040295,-2.92184346973869,-0.4470860589653394,False,False,,,,True,"(0, 0, 0, 0)",False,
2021-05-25,1198.0,1202.0,1188.0,1188.0,1133.736572265625,137580,-3.150648660418483,-2.968273637104886,-0.18237502331359678,False,False,,,,True,"(0, 0, 0, 0)",False,
2021-05-26,1186.0,1198.0,1186.0,1194.0,1139.46240234375,233856,-2.553283488392708,-2.884307544221014,0.3310240558283062,True,False,,0.0,,True,"(0, 0, 0, 0)",False,
2021-05-27,1192.0,1198.0,1188.0,1198.0,1143.27978515625,137596,-1.796503571232961,-2.664721425153111,0.8682178539201502,False,False,,0.0,,True,"(0, 0, 0, 0)",False,
2021-05-28,1196.0,1202.0,1190.0,1190.0,1135.64501953125,131865,-1.7258007383670702,-2.4755413854856636,0.7497406471185935,False,False,,0.0,,False,"(0, 0, 0, 0)",False,
2021-06-01,1206.0,1216.0,1190.0,1204.0,1149.0057373046875,165383,-0.6993761439164246,-2.1181989598043853,1.4188228158879608,False,False,,0.0,,True,"(0, 0, 0, 0)",False,
2021-06-02,1208.0,1210.0,1199.0350341796875,1208.0,1152.822998046875,189149,0.3810676400266857,-1.6159739492816196,1.9970415893083053,False,False,,0.0,,True,"(0, 0, 0, 0)",False,
2021-06-03,1206.0,1210.0,1197.1600341796875,1202.0,1147.096923828125,98189,0.7997453433608825,-1.1309979030525539,1.9307432464134364,False,False,,0.0,,False,"(0, 0, 0, 0)",False,
2021-06-04,1206.0,1210.0,1200.9599609375,1202.0,1147.096923828125,117661,1.1162923573042463,-0.6801773294024462,1.7964696867066925,False,False,,0.0,,False,"(0, 0, 0, 0)",False,
2021-06-07,1200.0,1218.239990234375,1200.0,1208.0,1152.822998046875,96602,1.7751755447895903,-0.18791654100989577,1.963092085799486,False,False,,0.0,,True,"(0, 0, 0, 0)",False,
2021-06-08,1216.0,1218.0,1204.0,1204.0,1149.0057373046875,80696,1.9822175614322077,0.24695143648030318,1.7352661249519046,False,False,,0.0,,False,"(0, 0, 0, 0)",False,
2021-06-09,1210.0,1214.0,1200.0,1202.0,1147.096923828125,107147,1.9765335327970206,0.5934039650647044,1.383129567732316,False,False,,0.0,,False,"(0, 0, 0, 0)",False,
2021-06-10,1214.0,1220.0,1204.0,1206.0,1150.914306640625,136834,2.239675975331693,0.9230664695318329,1.31660950579986,False,False,,0.0,,False,"(0, 0, 0, 0)",False,
2021-06-11,1206.0,1212.47705078125,1204.0,1210.0,1154.731689453125,136221,2.7117978726237197,1.2811673961303234,1.4306304764933964,False,False,,0.0,,True,"(0, 0, 0, 0)",False,
2021-06-14,1212.0,1222.0,1204.0,1214.0,1158.548828125,103333,3.343758457556305,1.694012698162346,1.649745759393959,False,False,,0.0,,True,"(0, 0, 0, 0)",False,
2021-06-15,1220.0,1228.302978515625,1214.0,1214.0,1158.548828125,166051,3.7990804549103814,2.115293267795433,1.6837871871149486,False,False,,0.0,,True,"(0, 0, 0, 0)",False,
2021-06-16,1218.0,1222.0,1205.4219970703125,1218.0,1162.3662109375,205178,4.409086860616753,2.574284722677009,1.8348021379397443,False,False,,0.0,,True,"(0, 0, 0, 0)",False,
2021-06-17,1208.0,1218.0,1202.0,1210.0,1154.731689453125,173595,4.236569397896574,2.906876573003705,1.3296928248928688,False,False,,0.0,,False,"(0, 0, 0, 0)",False,
2021-06-18,1218.0,1224.0,1200.0,1204.0,1149.0057373046875,169418,3.601641079018009,3.0458745816392896,0.5557664973787193,False,False,,0.0,,False,"(0, 0, 0, 0)",False,
2021-06-21,1200.0,1211.6700439453125,1184.0,1194.0,1139.46240234375,181392,2.3081464816682455,2.898290646664984,-0.5901441649967385,False,True,,,,False,"(0, 0, 0, 0)",False,
2021-06-22,1216.0,1220.0,1202.0,1208.0,1152.822998046875,172721,2.3312036621755396,2.784849689001971,-0.4536460268264313,False,False,,,,True,"(0, 0, 0, 0)",False,
2021-06-23,1216.0,1216.0,1200.0,1200.0,1145.1884765625,211037,1.7134704089614843,2.5705382243940518,-0.8570678154325675,False,False,,,,False,"(0, 0, 0, 0)",False,
2021-06-24,1208.0,1210.0,1193.3079833984375,1194.0,1139.46240234375,194779,0.7519508264938395,2.2067723920411817,-1.4548215655473422,False,False,-1.4548215655473422,1.0,1121.0,False,"(1, 0, 0, 0)",False,
2021-06-25,1192.0,1202.0,1192.0,1194.0,1139.46240234375,140809,-0.0093478222597696,1.7635012125040663,-1.772849034763836,False,False,-1.772849034763836,1.0,1121.0,False,"(1, 0, 0, 0)",False,
2021-06-28,1194.0,1206.0,1186.0,1196.0,1141.37109375,117136,-0.45150384929024767,1.3204625105806715,-1.7719663598709192,False,False,-1.772849034763836,0.9995021150275019,1121.0,True,"(1, 0, 0, 0)",False,
2021-06-29,1200.0,1214.0,1194.0,1198.0,1143.27978515625,189898,-0.6383492012814713,0.9286735044301737,-1.567022705711645,False,False,-1.772849034763836,0.8839008144426639,1121.0,True,"(1, 0, 0, 0)",False,
2021-06-30,1202.0,1208.6099853515625,1182.0,1182.0,1128.010498046875,136901,-2.0137664724275055,0.340153466980026,-2.3539199394075316,False,False,-2.3539199394075316,1.0,1121.0,False,"(1, 0, 0, 0)",False,
2021-07-01,1188.0,1216.0,1168.0,1168.0,1126.0823974609375,140830,-4.152157230803596,-0.5583478078266787,-3.593809422976917,False,False,-3.593809422976917,1.0,1121.0,False,"(1, 0, 0, 0)",False,
2021-07-02,1174.0,1181.717041015625,1170.0,1172.0,1129.938720703125,88754,-5.468652228424162,-1.5404429129660195,-3.928209315458142,False,False,-3.928209315458142,1.0,1121.0,False,"(1, 0, 0, 0)",False,
2021-07-05,1170.0,1191.35400390625,1166.0,1188.0,1145.364501953125,126337,-5.192455937256227,-2.270865879044628,-2.9215900582115992,False,False,-3.928209315458142,0.7437460235926501,1166.0,True,"(1, 0, 0, 0)",False,
2021-07-06,1184.0,1194.0,1179.6800537109375,1180.0,1137.6517333984375,93095,-5.540223696663588,-2.9247520247167436,-2.6154716719468447,False,False,-3.928209315458142,0.6658177968405448,1166.0,True,"(1, 0, 0, 0)",False,
2021-07-07,1178.0,1194.0,1170.8800048828125,1186.0,1143.436279296875,101845,-5.280821696052499,-3.395974365871384,-1.8848473301811146,False,False,-3.928209315458142,0.4798235477839569,1166.0,True,"(1, 0, 0, 0)",False,
2021-07-08,1174.0,1180.0,1170.0,1170.0,1128.010498046875,91550,-6.2683941491623045,-3.9704665219556103,-2.297927627206694,False,False,-3.928209315458142,0.584980952558708,1166.0,False,"(1, 0, 0, 0)",False,
2021-07-09,1172.0,1188.0,1170.199951171875,1182.0,1139.579833984375,74183,-6.030523025435286,-4.382482527042687,-1.6480404983925991,False,False,-3.928209315458142,0.4195398885459825,1166.0,True,"(1, 0, 0, 0)",False,
2021-07-12,1182.0,1190.0,1170.0,1170.0,1128.010498046875,124469,-6.716321007728311,-4.849254486854709,-1.8670665208736024,False,False,-3.928209315458142,0.4752971063752617,1166.0,False,"(1, 0, 0, 0)",False,
2021-07-13,1178.0,1184.6600341796875,1170.0,1174.0,1131.866943359375,104745,-6.862685829255497,-5.251943697989573,-1.6107421312659245,False,False,-3.928209315458142,0.4100448835369827,1166.0,True,"(1, 0, 0, 0)",False,
2021-07-14,1178.0,1180.0,1168.0,1172.0,1129.938720703125,83876,-7.056165369271412,-5.612790141756615,-1.4433752275147969,False,False,-3.928209315458142,0.3674384717318603,1166.0,True,"(1, 0, 0, 0)",False,
2021-07-15,1168.0,1172.0,1160.02001953125,1162.0,1120.297607421875,82802,-7.914105300100118,-6.073055325995941,-1.8410499741041777,False,False,-3.928209315458142,0.46867410218171085,1160.02001953125,False,"(1, 0, 0, 0)",False,
2021-07-16,1166.0,1169.0,1160.0,1162.0,1120.297607421875,148698,-8.495783983172714,-6.55760287033889,-1.9381811128338242,False,False,-3.928209315458142,0.4934006711930463,1160.0,False,"(1, 0, 0, 0)",False,
2021-07-19,1154.0,1155.5999755859375,1136.0,1136.0,1095.2308349609375,162752,-10.90454425124608,-7.426993748742289,-3.4775505025037905,False,False,-3.928209315458142,0.8852762730384718,1136.0,False,"(1, 0, 0, 0)",False,
2021-07-20,1144.0,1155.7900390625,1142.0,1144.0,1102.943603515625,153233,-12.035623998783876,-8.3487220058513,-3.686901992932576,False,False,-3.928209315458142,0.9385706556990274,1136.0,False,"(1, 0, 0, 0)",False,
2021-07-21,1148.0,1158.0,1144.0,1144.0,1102.943603515625,122389,-12.78429369192395,-9.235838042442545,-3.5484556494814044,False,False,-3.928209315458142,0.9033265196733928,1136.0,True,"(1, 0, 0, 0)",False,
2021-07-22,1156.0,1161.0400390625,1136.43994140625,1138.0,1097.158935546875,109100,-13.699116642868148,-10.12849513052067,-3.5706215123474774,False,False,-3.928209315458142,0.9089692594273175,1136.0,False,"(1, 0, 0, 0)",False,
2021-07-23,1150.0,1152.0,1142.0,1148.0,1106.8001708984375,106872,-13.468500761066252,-10.79649707559779,-2.6720036854684626,False,False,-3.928209315458142,0.6802090904254245,1136.0,True,"(1, 0, 0, 0)",False,
2021-07-26,1154.0,1154.0,1138.0,1146.0,1104.871826171875,89007,-13.292446617493852,-11.295687473581518,-1.9967591439123336,False,False,-3.928209315458142,0.508312817256138,1136.0,True,"(1, 0, 0, 0)",False,
2021-07-27,1142.0,1151.0,1136.0,1136.0,1095.2308349609375,145660,-13.79477742851077,-11.795505856743723,-1.9992715717670464,False,False,-3.928209315458142,0.5089524032997905,1136.0,False,"(1, 0, 0, 0)",False,
2021-07-28,1138.0,1146.0,1132.9620361328125,1134.0,1093.3023681640625,144825,-14.189396556481825,-12.27428429722544,-1.915112259256384,False,False,-3.928209315458142,0.48752805806964156,1132.9620361328125,True,"(1, 0, 0, 0)",False,
2021-07-29,1136.0,1148.0,1136.0,1136.0,1095.2308349609375,93626,-14.178131939862169,-12.655054016963208,-1.5230779228989615,False,False,-3.928209315458142,0.3877283007566329,1132.9620361328125,True,"(1, 0, 0, 0)",False,
2021-07-30,1136.0,1142.0,1122.0,1122.0,1081.7330322265625,122675,-15.117932503795373,-13.147629912214377,-1.970302591580996,False,False,-3.928209315458142,0.5015778013222297,1122.0,False,"(1, 0, 0, 0)",False,
2021-08-02,1132.0,1138.364013671875,1128.0,1132.0,1091.374267578125,91066,-14.888308271014921,-13.495765695861014,-1.3925425751539073,False,False,-3.928209315458142,0.35449805835804776,1122.0,True,"(1, 0, 0, 0)",False,
2021-08-03,1134.0,1142.0,1130.0,1130.0,1089.446044921875,92650,-14.697365744936633,-13.736085767464852,-0.9612799774717811,False,False,-3.928209315458142,0.24471200495579198,1122.0,True,"(1, 0, 0, 0)",False,
2021-08-04,1144.0,1152.0,1134.5250244140625,1152.0,1110.656494140625,130184,-12.633232919584998,-13.515515152520138,0.8822822329351396,True,False,-3.928209315458142,0.0,1122.0,True,"(1, 0, 0, 0)",False,
2021-08-05,1148.0,1156.0,1142.6099853515625,1156.0,1114.512939453125,126167,-10.554328815109557,-12.923277787585095,2.368948972475538,False,False,-3.928209315458142,0.0,1122.0,True,"(1, 0, 0, 0)",False,
2021-08-06,1148.0,1158.0,1142.0,1142.0,1101.015380859375,95578,-9.917703724953526,-12.322162895927796,2.4044591709742704,False,False,-3.928209315458142,0.0,1122.0,True,"(1, 0, 0, 0)",False,
2021-08-09,1146.0,1153.0,1140.0,1140.0,1099.087158203125,167800,-9.464821807033786,-11.75069461796636,2.285872810932574,False,False,-3.928209315458142,0.0,1122.0,False,"(1, 0, 0, 0)",False,
2021-08-10,1142.0,1152.22705078125,1134.0,1136.0,1095.2308349609375,324181,-9.320107453835135,-11.264577144184798,1.9444696903496634,False,False,-3.928209315458142,0.0,1122.0,False,"(1, 0, 0, 0)",False,
2021-08-11,1136.0,1142.0,1134.0,1138.0,1097.158935546875,122006,-8.941420727847117,-10.799945829601173,1.858525101754056,False,False,-3.928209315458142,0.0,1122.0,False,"(1, 0, 0, 0)",False,
2021-08-12,1138.0,1139.75,1128.0,1130.0,1089.446044921875,179696,-9.179126583501784,-10.475781962902412,1.2966553794006277,False,False,-3.928209315458142,0.0,1122.0,False,"(1, 0, 0, 0)",False,
2021-08-13,1132.0,1138.0,1127.2530517578125,1128.0,1087.517822265625,138682,-9.419822867696439,-10.264590134751266,0.8447672670548272,False,False,-3.928209315458142,0.0,1122.0,False,"(1, 0, 0, 0)",False,
2021-08-16,1126.0,1132.0,1123.3389892578125,1124.0,1083.661376953125,161314,-9.81930189966647,-10.17553248466104,0.35623058499457017,False,False,-3.928209315458142,0.0,1122.0,False,"(1, 0, 0, 0)",False,
2021-08-17,1120.0,1132.0,1120.0,1132.0,1091.374267578125,261323,-9.383620966718354,-10.017150176700046,0.6335292099816918,False,False,-3.928209315458142,0.0,1120.0,True,"(1, 0, 0, 0)",False,
2021-08-18,1132.0,1138.0400390625,1124.800048828125,1134.0,1093.3023681640625,153102,-8.776107542313412,-9.768941644340888,0.9928341020274765,False,False,-3.928209315458142,0.0,1120.0,True,"(1, 0, 0, 0)",False,
2021-08-19,1122.0,1126.0,1114.0,1118.0,1077.876708984375,152793,-9.47394396123309,-9.709942106676897,0.2359981454438067,False,False,-3.928209315458142,0.0,1114.0,False,"(1, 0, 0, 0)",False,
2021-08-20,1114.0,1132.0,1112.5,1132.0,1091.374267578125,124205,-8.797898322864285,-9.527533347336066,0.7296350244717811,False,False,-3.928209315458142,0.0,1112.5,True,"(1, 0, 0, 0)",False,
2021-08-23,1130.0,1134.0,1122.0,1126.0,1085.589599609375,173336,-8.645781042061117,-9.351182884286937,0.7054018422258199,False,False,-3.928209315458142,0.0,1112.5,False,"(1, 0, 0, 0)",False,
2021-08-24,1130.0,1136.0,1124.781005859375,1136.0,1095.2308349609375,121003,-7.631576701495078,-9.007261644617365,1.3756849431222875,False,False,-3.928209315458142,0.0,1112.5,True,"(1, 0, 0, 0)",False,
2021-08-25,1150.0,1150.0,1130.0,1134.0,1093.3023681640625,181911,-6.909310662257212,-8.587671445108759,1.6783607828515468,False,False,-3.928209315458142,0.0,1112.5,True,"(1, 0, 0, 0)",False,
2021-08-26,1140.0,1140.0,1125.9300537109375,1126.0,1085.589599609375,90211,-6.9020086770503895,-8.25053888954522,1.3485302124948308,False,False,-3.928209315458142,0.0,1112.5,False,"(1, 0, 0, 0)",False,
2021-08-27,1134.0,1138.0,1130.0439453125,1138.0,1097.158935546875,85260,-5.861539094110867,-7.772738928245331,1.9111998341344636,False,False,-3.686901992932576,0.0,1112.5,True,"(1, 0, 0, 0)",False,
2021-08-31,1136.0,1148.0,1135.802001953125,1138.0,1097.158935546875,182352,-4.979558037055767,-7.214102747937477,2.2345447108817096,False,False,-3.686901992932576,0.0,1112.5,True,"(1, 0, 0, 0)",False,
2021-09-01,1146.0,1150.0,1136.0,1136.0,1095.2308349609375,133623,-4.391174474573518,-6.649517091591097,2.258342617017579,False,False,-3.686901992932576,0.0,1112.5,True,"(1, 0, 0, 0)",False,
2021-09-02,1142.0,1146.0,1138.5250244140625,1142.0,1101.015380859375,73413,-3.40198506372667,-6.0000106844779575,2.5980256207512875,False,False,-3.686901992932576,0.0,1112.5,True,"(1, 0, 0, 0)",False,
2021-09-03,1148.0,1152.2430419921875,1130.0,1130.0,1089.446044921875,139735,-3.5446058227341837,-5.508929711197554,1.9643238884633707,False,False,-3.686901992932576,0.0,1112.5,False,"(1, 0, 0, 0)",False,
2021-09-06,1140.0,1146.0,1131.4219970703125,1138.0,1097.158935546875,150356,-2.978306650157492,-5.002805098221391,2.0244984480638992,False,False,-3.686901992932576,0.0,1112.5,True,"(1, 0, 0, 0)",False,
2021-09-07,1136.0,1140.02001953125,1131.9599609375,1138.0,1097.158935546875,158695,-2.5006843726432635,-4.502380952498167,2.0016965798549036,False,False,-3.686901992932576,0.0,1112.5,False,"(1, 0, 0, 0)",False,
2021-09-08,1140.0,1140.0,1126.0,1126.0,1085.589599609375,157089,-3.054553465580284,-4.212815454833326,1.1582619892530417,False,False,-3.686901992932576,0.0,1112.5,False,"(1, 0, 0, 0)",False,
2021-09-09,1118.0,1144.0,1112.3199462890625,1122.0,1081.7330322265625,157443,-3.7725536855350583,-4.124763100905249,0.3522094153701909,False,False,-3.686901992932576,0.0,1112.3199462890625,False,"(1, 0, 0, 0)",False,
2021-09-10,1132.0,1137.81396484375,1118.0,1118.0,1077.876708984375,149602,-4.610978865741799,-4.222006253933011,-0.3889726118087884,False,True,-3.686901992932576,0.10550120739699893,1112.3199462890625,False,"(0, 1, 0, 0)",False,
2021-09-13,1122.4949951171875,1132.0,1118.0,1118.0,1077.876708984375,201653,-5.215308087206267,-4.42066662068646,-0.7946414665198072,False,False,-3.686901992932576,0.2155309438772866,1112.3199462890625,False,"(0, 1, 0, 0)",False,
2021-09-14,1126.0,1126.0,1111.469970703125,1112.0,1072.092041015625,202726,-6.107721161197105,-4.758077528922831,-1.3496436322742742,False,False,-3.686901992932576,0.3660644180022704,1111.469970703125,False,"(0, 0, 1, 0)",False,
2021-09-15,1112.0,1114.0,1108.0,1108.0,1068.235595703125,160883,-7.056222638824238,-5.217706551049406,-1.838516087774832,False,False,-3.5706215123474774,0.5149008600931534,1108.0,False,"(0, 0, 1, 0)",False,
2021-09-16,1116.0,1120.0,1108.0,1116.0,1075.948486328125,166914,-7.081041760369544,-5.590373593008326,-1.4906681673612185,False,False,-3.5706215123474774,0.41748142787085557,1108.0,True,"(0, 0, 0, 1)",True,1103.0
2021-09-17,1106.0,1124.0,1101.699951171875,1102.0,1062.4508056640625,219350,-8.136123249826596,-6.0995235244756945,-2.036599725350902,False,False,-2.6720036854684626,0.7621994447188946,1101.699951171875,False,"(1, 0, 0, 0)",False,
2021-09-20,1100.0,1106.0,1084.4610595703125,1092.0,1052.8099365234375,197393,-9.667433523479303,-6.813105524392704,-2.8543279990865997,False,False,-2.8543279990865997,1.0,1084.4610595703125,False,"(1, 0, 0, 0)",False,
2021-09-21,1104.0,1110.0,1098.634033203125,1100.0,1060.522705078125,112931,-10.119050061701273,-7.474294431940618,-2.644755629760655,False,False,-2.8543279990865997,0.9265773347025958,1084.4610595703125,True,"(1, 0, 0, 0)",False,
2021-09-22,1084.0,1108.0,1084.0,1102.0,1062.4508056640625,236028,-10.198065347859483,-8.019048615181207,-2.179016732678276,False,False,-2.8543279990865997,0.7634079662097605,1084.0,True,"(1, 0, 0, 0)",False,
2021-09-23,1120.0,1120.0,1100.199951171875,1104.0,1064.379150390625,176805,-9.984253872312138,-8.412089666640188,-1.5721642056719496,False,False,-2.8543279990865997,0.5508001204399251,1084.0,True,"(1, 0, 0, 0)",False,
2021-09-24,1104.0,1110.0,1088.5,1090.0,1050.8814697265625,260362,-10.819440615547819,-8.893559856453853,-1.9258807590939657,False,False,-2.8543279990865997,0.674723003001147,1084.0,False,"(1, 0, 0, 0)",False,
2021-09-27,1114.0,1114.0,1095.3330078125,1102.0,1062.4508056640625,174676,-10.39347284306109,-9.19354245379132,-1.1999303892697704,False,False,-2.8543279990865997,0.4203898044141229,1084.0,True,"(1, 0, 0, 0)",False,
2021-09-28,1104.0,1106.0,1080.0,1080.0,1041.240478515625,311139,-11.695843032749053,-9.694002569604246,-2.0018404631448075,False,False,-2.8543279990865997,0.7013351176828336,1080.0,False,"(1, 0, 0, 0)",False,
2021-09-29,1086.0,1096.0,1079.333984375,1090.0,1050.8814697265625,196791,-11.785385743420193,-10.11227920438173,-1.6731065390384625,False,False,-2.8543279990865997,0.5861647783905233,1079.333984375,True,"(1, 0, 0, 0)",False,
2021-09-30,1094.0,1107.1099853515625,1086.4000244140625,1092.0,1052.8099365234375,237898,-11.561718621091359,-10.402167087731582,-1.1595515333597763,False,False,-2.8543279990865997,0.4062432676731052,1079.333984375,True,"(1, 0, 0, 0)",False,
2021-10-01,1066.0,1086.02001953125,1060.615966796875,1078.0,1039.3121337890625,220555,-12.371310350333715,-10.795995740260622,-1.575314610073093,False,False,-2.8543279990865997,0.5519038493744245,1060.615966796875,False,"(1, 0, 0, 0)",False,
2021-10-04,1080.0,1090.0,1076.0,1080.0,1041.240478515625,204361,-12.70510134269125,-11.177816860753428,-1.5272844819378228,False,False,-2.8543279990865997,0.5350767264401856,1060.615966796875,True,"(1, 0, 0, 0)",False,
2021-10-05,1088.0,1092.0,1038.0,1084.0,1045.096923828125,115185,-12.502791671665136,-11.442811822939479,-1.059979848725657,False,False,-2.8543279990865997,0.3713588098721858,1038.0,True,"(1, 0, 0, 0)",False,
2021-10-06,1078.0,1084.0,1065.3199462890625,1078.0,1039.3121337890625,177837,-12.680359886978977,-11.690321435750151,-0.9900384512288252,False,False,-2.8543279990865997,0.34685517976407854,1038.0,True,"(1, 0, 0, 0)",False,
2021-10-07,1086.0,1094.0,1070.0,1078.0,1051.01171875,257429,-12.674971113408901,-11.887251371283666,-0.7877197421252351,False,False,-2.8543279990865997,0.27597379921904897,1038.0,True,"(1, 0, 0, 0)",False,
2021-10-08,1080.0,1090.0,1070.3170166015625,1076.0,1049.0618896484375,117987,-12.68582482728948,-12.046966062485973,-0.6388587648035067,False,False,-2.8543279990865997,0.22382107627712894,1038.0,True,"(1, 0, 0, 0)",False,
2021-10-11,1080.0,1088.0,1072.583984375,1080.0,1052.9617919921875,209119,-12.230708728727677,-12.083714595734525,-0.1469941329931519,False,False,-2.8543279990865997,0.05149868306662402,1038.0,True,"(1, 0, 0, 0)",False,
2021-10-12,1080.0,1085.0,1056.54296875,1080.0,1052.9617919921875,254354,-11.734752930271952,-12.01392226264169,0.2791693323697384,True,False,-2.8543279990865997,0.0,1038.0,True,"(1, 0, 0, 0)",False,
2021-10-13,1084.0,1094.0,1073.2679443359375,1090.0,1062.7113037109375,221674,-10.414815903483941,-11.694100990808968,1.279285087325027,False,False,-2.8543279990865997,0.0,1038.0,True,"(1, 0, 0, 0)",False,
2021-10-14,1098.0,1101.0489501953125,1086.0,1096.0,1068.5611572265625,146950,-8.783403613927703,-11.111961515431005,2.328557901503302,False,False,-2.8543279990865997,0.0,1038.0,True,"(1, 0, 0, 0)",False,
2021-10-15,1096.0,1108.0,1096.0,1106.0,1078.310791015625,145118,-6.607487309757062,-10.2110666742941,3.6035793645370386,False,False,-2.8543279990865997,0.0,1038.0,True,"(1, 0, 0, 0)",False,
2021-10-18,1104.0,1108.0,1095.9200439453125,1104.0,1076.36083984375,180719,-4.986942193527284,-9.166241778138774,4.17929958461149,False,False,-2.8543279990865997,0.0,1038.0,True,"(1, 0, 0, 0)",False,
2021-10-19,1108.0,1112.0,1096.0,1110.0,1082.2105712890625,226731,-3.181858342551095,-7.969365091019439,4.787506748468344,False,False,-2.8543279990865997,0.0,1038.0,True,"(1, 0, 0, 0)",False,
2021-10-20,1110.0,1112.991943359375,1108.0,1112.0,1084.16064453125,168918,-1.5718265769207846,-6.6898573881981696,5.118030811277385,False,False,-2.8543279990865997,0.0,1038.0,True,"(1, 0, 0, 0)",False,
2021-10-21,1100.0,1108.0,1096.001953125,1100.0,1072.4610595703125,116766,-1.2496952560966292,-5.601824961776815,4.352129705680186,False,False,-2.8543279990865997,0.0,1038.0,False,"(1, 0, 0, 0)",False,
2021-10-22,1102.0,1107.47998046875,1096.60400390625,1106.0,1078.310791015625,157657,-0.5044687098975373,-4.5823537114001756,4.077885001502638,False,False,-2.8543279990865997,0.0,1038.0,False,"(1, 0, 0, 0)",False,
2021-10-25,1102.0,1111.4000244140625,1100.0,1106.0,1078.310791015625,138720,0.08514679222116683,-3.648853610675332,3.734000402896499,False,False,-2.8543279990865997,0.0,1038.0,False,"(1, 0, 0, 0)",False,
2021-10-26,1110.0,1116.0,1103.9320068359375,1108.0,1080.2607421875,194183,0.7056613273273342,-2.77795062307437,3.4836119504017042,False,False,-2.8543279990865997,0.0,1038.0,False,"(1, 0, 0, 0)",False,
2021-10-27,1098.0,1105.0,1092.0,1102.0,1074.410888671875,368085,0.7051682814790183,-2.081326842163418,2.7864951236424362,False,False,-2.8543279990865997,0.0,1038.0,False,"(1, 0, 0, 0)",False,
2021-10-28,1104.0,1104.0,1093.0,1094.0,1066.6112060546875,145716,0.05859810270294474,-1.6533418531900104,1.7119399558929551,False,False,-2.8543279990865997,0.0,1038.0,False,"(1, 0, 0, 0)",False,
2021-10-29,1098.0,1104.0,1087.8699951171875,1104.0,1076.36083984375,176434,0.34904584607602374,-1.2528643133367028,1.6019101594127265,False,False,-2.8543279990865997,0.0,1038.0,False,"(1, 0, 0, 0)",False,
2021-11-01,1108.0,1112.68701171875,1087.8699951171875,1110.0,1082.2105712890625,261609,1.0512406354691848,-0.7920433235754324,1.843283959044617,False,False,-2.8543279990865997,0.0,1038.0,True,"(1, 0, 0, 0)",False,
2021-11-02,1098.0,1112.0,1098.0,1106.0,1078.310791015625,147910,1.2703361268181652,-0.3795674334966464,1.6499035603148116,False,False,-2.8543279990865997,0.0,1038.0,False,"(1, 0, 0, 0)",False,
2021-11-03,1104.0,1108.0,1100.0,1104.0,1076.36083984375,203425,1.2679763739540704,-0.05005867200646057,1.318035045960531,False,False,-2.8543279990865997,0.0,1038.0,False,"(1, 0, 0, 0)",False,
2021-11-04,1110.0,1128.083984375,1101.0970458984375,1124.0,1095.8602294921875,290705,2.8470700199197836,0.529367066378848,2.3177029535409357,False,False,-2.8543279990865997,0.0,1038.0,True,"(1, 0, 0, 0)",False,
2021-11-05,1124.0,1134.0,1117.9599609375,1130.0,1101.7099609375,246932,4.530424610514729,1.32957857520609,3.2008460353086385,False,False,-2.8543279990865997,0.0,1038.0,True,"(1, 0, 0, 0)",False,
2021-11-08,1136.0,1136.0,1126.0479736328125,1132.0,1103.659912109375,192333,5.9572026612850095,2.2551033924219346,3.702099268863075,False,False,-2.8543279990865997,0.0,1038.0,True,"(1, 0, 0, 0)",False,
2021-11-09,1132.0,1136.0,1125.5799560546875,1130.0,1101.7099609375,231356,6.847619480879075,3.173606610113411,3.6740128707656643,False,False,-2.8543279990865997,0.0,1038.0,False,"(1, 0, 0, 0)",False,
2021-11-10,1126.0,1140.0,1126.0,1140.0,1111.4595947265625,169107,8.264906169833012,4.191866522057373,4.073039647775638,False,False,-2.8543279990865997,0.0,1038.0,True,"(1, 0, 0, 0)",False,
2021-11-11,1132.0,1154.0,1132.0,1152.0,1123.1591796875,174636,10.238373246274705,5.401167866900879,4.837205379373826,False,False,-2.8543279990865997,0.0,1038.0,True,"(1, 0, 0, 0)",False,
2021-11-12,1146.0,1152.280029296875,1142.0999755859375,1150.0,1121.209228515625,131824,11.50831847094696,6.622597987710129,4.885720483236832,False,False,-2.8543279990865997,0.0,1038.0,True,"(1, 0, 0, 0)",False,
2021-11-15,1150.0,1152.0,1146.6400146484375,1152.0,1123.1591796875,203801,12.531681543195646,7.804414698807257,4.727266844388389,False,False,-2.644755629760655,0.0,1038.0,False,"(1, 0, 0, 0)",False,
2021-11-16,1148.0,1151.1669921875,1139.6939697265625,1150.0,1121.209228515625,336585,13.031108478461647,8.849753454738153,4.181355023723494,False,False,-2.179016732678276,0.0,1038.0,False,"(1, 0, 0, 0)",False,
2021-11-17,1138.0,1144.219970703125,1136.0,1142.0,1113.4095458984375,216389,12.635727480552305,9.606948259900992,3.0287792206513124,False,False,-2.0018404631448075,0.0,1038.0,False,"(1, 0, 0, 0)",False,
2021-11-18,1148.0,1148.0,1134.4000244140625,1144.0,1115.3594970703125,150139,12.341500752332877,10.153858758387374,2.187641993945503,False,False,-2.0018404631448075,0.0,1038.0,False,"(1, 0, 0, 0)",False,
2021-11-19,1142.0,1146.0,1123.677978515625,1136.0,1107.559814453125,251553,11.3321688905055,10.389520784811001,0.9426481056944986,False,False,-2.0018404631448075,0.0,1038.0,False,"(1, 0, 0, 0)",False,
2021-11-22,1148.0,1148.0,1126.303955078125,1144.0,1115.3594970703125,379670,11.050408985771355,10.521698425003073,0.5287105607682818,False,False,-2.0018404631448075,0.0,1038.0,False,"(1, 0, 0, 0)",False,
2021-11-23,1132.0,1142.0,1126.0,1138.0,1109.5096435546875,239899,10.225099084747171,10.462378556951894,-0.23727947220472245,False,True,-1.6731065390384625,0.14181970285113307,1038.0,False,"(0, 1, 0, 0)",False,
2021-11-24,1142.0,1142.0,1126.0,1138.0,1109.5096435546875,175248,9.461963306821644,10.262295506925843,-0.800332200104199,False,False,-1.575314610073093,0.5080459452268169,1038.0,False,"(0, 1, 0, 0)",False,
2021-11-25,1138.0,1146.0,1135.5150146484375,1138.0,1109.5096435546875,145200,8.756236168547048,9.961083639250084,-1.2048474707030365,False,False,-1.575314610073093,0.7648297444833149,1038.0,False,"(0, 1, 0, 0)",False,
2021-11-26,1128.0,1128.0,1094.0,1094.0,1066.6112060546875,274605,4.593589877956447,8.887584886991354,-4.293995009034907,False,False,-4.293995009034907,1.0,1038.0,False,"(1, 0, 0, 0)",False,
2021-11-29,1106.0,1110.0,1098.0,1106.0,1078.310791015625,219180,2.2371659747598187,7.557501104545044,-5.320335129785225,False,False,-5.320335129785225,1.0,1038.0,False,"(1, 0, 0, 0)",False,
2021-11-30,1092.0,1102.0,1086.47998046875,1096.0,1068.5611572265625,262089,-0.4322443464718617,5.959552014341661,-6.391796360813522,False,False,-6.391796360813522,1.0,1056.54296875,False,"(1, 0, 0, 0)",False,
2021-12-01,1106.0,1120.0,1103.760009765625,1120.0,1091.9603271484375,133100,-0.6042203913302728,4.646797533207272,-5.251017924537545,False,False,-6.391796360813522,0.821524596235606,1056.54296875,True,"(1, 0, 0, 0)",False,
2021-12-02,1096.0,1112.0,1096.0,1100.0,1072.4610595703125,186759,-2.3275047771749087,3.251937071130835,-5.579441848305743,False,False,-6.391796360813522,0.8729066968578476,1056.54296875,False,"(1, 0, 0, 0)",False,
2021-12-03,1108.0,1114.0,1103.5849609375,1112.0,1084.16064453125,154703,-2.6938728625536896,2.062775084393929,-4.756647946947618,False,False,-6.391796360813522,0.744180145680081,1056.54296875,True,"(1, 0, 0, 0)",False,
2021-12-06,1122.0,1126.0,1112.0,1122.0,1093.91015625,178014,-2.152497656506739,1.219720536213795,-3.372218192720534,False,False,-6.391796360813522,0.5275853613539295,1056.54296875,True,"(1, 0, 0, 0)",False,
2021-12-07,1126.0,1144.0,1126.0,1136.0,1107.559814453125,190564,-0.5870101611935752,0.858374396732321,-1.4453845579258962,False,False,-6.391796360813522,0.22613119635462436,1073.2679443359375,True,"(1, 0, 0, 0)",False,
2021-12-08,1130.0,1148.0,1130.0,1146.0,1117.309326171875,265125,1.4439178014715708,0.9754830776801711,0.4684347237913997,True,False,-6.391796360813522,0.0,1086.0,True,"(1, 0, 0, 0)",False,
2021-12-09,1138.0,1148.0,1138.0,1148.0,1119.2593994140625,257615,3.1781891101604742,1.416024284176232,1.7621648259842422,False,False,-6.391796360813522,0.0,1086.47998046875,True,"(1, 0, 0, 0)",False,
2021-12-10,1146.0,1150.0,1138.0,1148.0,1119.2593994140625,264994,4.500729904657646,2.0329654082725153,2.467764496385131,False,False,-6.391796360813522,0.0,1086.47998046875,True,"(1, 0, 0, 0)",False,
2021-12-13,1144.0,1150.5,1140.0,1144.0,1115.3594970703125,259592,5.166531048662591,2.6596785363505306,2.5068525123120606,False,False,-6.391796360813522,0.0,1086.47998046875,True,"(1, 0, 0, 0)",False,
2021-12-14,1140.0,1152.0,1138.300048828125,1140.0,1111.4595947265625,196231,5.310205037622836,3.189783836604992,2.120421201017844,False,False,-6.391796360813522,0.0,1086.47998046875,False,"(1, 0, 0, 0)",False,
2021-12-15,1140.0,1140.0,1130.0,1134.0,1105.6097412109375,511395,4.883624039382994,3.5285518771605933,1.3550721622224007,False,False,-6.391796360813522,0.0,1086.47998046875,False,"(1, 0, 0, 0)",False,
2021-12-16,1140.0,1154.0,1140.0,1152.0,1123.1591796875,157805,5.929647343901479,4.00877097050877,1.9208763733927086,False,False,-6.391796360813522,0.0,1086.47998046875,True,"(1, 0, 0, 0)",False,
2021-12-17,1148.0,1158.0,1142.0,1158.0,1129.0089111328125,311488,7.160238002273445,4.639064376861706,2.5211736254117394,False,False,-6.391796360813522,0.0,1086.47998046875,True,"(1, 0, 0, 0)",False,
2021-12-20,1130.0,1144.0,1126.5999755859375,1144.0,1115.3594970703125,129203,6.925971577741393,5.096445817037644,1.8295257607037492,False,False,-6.391796360813522,0.0,1086.47998046875,False,"(1, 0, 0, 0)",False,
2021-12-21,1138.0,1158.0,1138.0,1158.0,1129.0089111328125,146144,7.780307430921312,5.633218139814378,2.1470892911069335,False,False,-6.391796360813522,0.0,1086.47998046875,True,"(1, 0, 0, 0)",False,
2021-12-22,1156.0,1160.0,1153.5999755859375,1156.0,1127.05908203125,128060,8.201450558258784,6.1468646235032605,2.054585934755524,False,False,-6.391796360813522,0.0,1086.47998046875,False,"(1, 0, 0, 0)",False,
2021-12-23,1162.0,1168.0,1150.0,1156.0,1127.05908203125,188788,8.437942135116828,6.605080125825975,1.832862009290853,False,False,-6.391796360813522,0.0,1086.47998046875,False,"(1, 0, 0, 0)",False,
2021-12-24,1162.0,1168.0,1148.0,1152.0,1123.1591796875,90381,8.207980935967726,6.925660287854326,1.2823206481133997,False,False,-6.391796360813522,0.0,1086.47998046875,False,"(1, 0, 0, 0)",False,
2021-12-29,1162.0,1166.300048828125,1153.5,1158.0,1129.0089111328125,85300,8.412905260805019,7.223109282444465,1.1897959783605536,False,False,-6.391796360813522,0.0,1086.47998046875,False,"(1, 0, 0, 0)",False,
2021-12-30,1154.0,1166.1199951171875,1144.06005859375,1162.0,1132.9088134765625,58369,8.796672704020466,7.537821966759665,1.2588507372608007,False,False,-6.391796360813522,0.0,1086.47998046875,True,"(1, 0, 0, 0)",False,
2021-12-31,1158.0,1161.8199462890625,1152.9000244140625,1156.0,1127.05908203125,38758,8.518466443862962,7.733950862180325,0.7845155816826379,False,False,-6.391796360813522,0.0,1086.47998046875,False,"(1, 0, 0, 0)",False,
2022-01-04,1170.0,1198.0,1162.800048828125,1176.0,1146.558349609375,276581,9.798861348102946,8.14693295936485,1.6519283887380958,False,False,-6.391796360813522,0.0,1086.47998046875,True,"(1, 0, 0, 0)",False,
2022-01-05,1176.0,1183.199951171875,1170.0,1176.0,1146.558349609375,154632,10.690351772139365,8.655616721919754,2.034735050219611,False,False,-6.391796360813522,0.0,1086.47998046875,True,"(1, 0, 0, 0)",False,
2022-01-06,1164.0,1164.0,1147.800048828125,1158.0,1140.648193359375,112511,9.831089836051888,8.890711344746181,0.9403784913057063,False,False,-6.391796360813522,0.0,1086.47998046875,False,"(1, 0, 0, 0)",False,
2022-01-07,1148.0,1162.0,1148.0,1160.0,1142.6182861328125,135742,9.205387674753183,8.953646610747581,0.2517410640056017,False,False,-6.391796360813522,0.0,1086.47998046875,False,"(1, 0, 0, 0)",False,
2022-01-10,1162.0,1170.0999755859375,1144.0,1146.0,1128.8280029296875,210904,7.493452517984906,8.661607792195047,-1.1681552742101413,False,True,-6.391796360813522,0.18275852487601202,1086.47998046875,False,"(0, 1, 0, 0)",False,
2022-01-11,1152.0,1164.0,1150.0,1160.0,1142.6182861328125,172225,7.1836053509416615,8.36600730394437,-1.1824019530027083,False,False,-6.391796360813522,0.18498742548365807,1086.47998046875,False,"(0, 1, 0, 0)",False,
2022-01-12,1164.0,1174.0,1157.199951171875,1170.0,1152.4683837890625,238375,7.656703225659385,8.224146488287372,-0.5674432626279877,False,False,-6.391796360813522,0.08877680554825526,1086.47998046875,True,"(0, 1, 0, 0)",False,
2022-01-13,1160.0,1174.0,1160.0,1170.0,1152.4683837890625,148459,7.940108060710372,8.167338802771972,-0.2272307420616002,False,False,-6.391796360813522,0.03555037257674448,1086.47998046875,True,"(0, 1, 0, 0)",False,
2022-01-14,1166.0,1170.0,1160.31103515625,1168.0,1150.4984130859375,211682,7.9121192732079635,8.11629489685917,-0.20417562365120645,False,False,-6.391796360813522,0.031943386823609594,1086.47998046875,True,"(0, 1, 0, 0)",False,
2022-01-17,1172.0,1180.0,1167.0999755859375,1180.0,1162.318603515625,114091,8.757288401941196,8.244493597875575,0.5127948040656207,True,False,-6.391796360813522,0.0,1086.47998046875,True,"(0, 1, 0, 0)",False,
2022-01-18,1166.0,1178.0,1154.0,1178.0,1160.3485107421875,201795,9.160115717783356,8.427618021857132,0.7324976959262237,False,False,-6.391796360813522,0.0,1086.47998046875,True,"(0, 1, 0, 0)",False,
2022-01-19,1170.0,1186.0,1163.5,1176.0,1158.3785400390625,127035,9.211788306264907,8.584452078738687,0.6273362275262198,False,False,-6.391796360813522,0.0,1086.47998046875,False,"(0, 1, 0, 0)",False,
2022-01-20,1178.0,1179.365966796875,1168.0,1168.0,1150.4984130859375,115891,8.509118595068458,8.569385382004642,-0.06026678693618415,False,True,-6.391796360813522,0.0094287714335933,1086.47998046875,False,"(0, 1, 0, 0)",False,
2022-01-21,1166.0,1168.0,1156.050048828125,1158.0,1140.648193359375,207834,7.063903494176429,8.268289004439,-1.2043855102625702,False,False,-6.391796360813522,0.1884267649148448,1086.47998046875,False,"(0, 1, 0, 0)",False,
2022-01-24,1156.0,1156.0,1123.676025390625,1138.0,1120.9478759765625,400543,4.255671312304457,7.465765466012091,-3.210094153707634,False,False,-6.391796360813522,0.5022209677060278,1086.47998046875,False,"(0, 1, 0, 0)",False,
2022-01-25,1146.0,1158.0,1129.4649658203125,1156.0,1138.67822265625,244061,3.442888527394871,6.661190078288647,-3.2183015508937762,False,False,-6.391796360813522,0.503505019437785,1086.47998046875,False,"(0, 1, 0, 0)",False,
2022-01-26,1160.0,1172.0,1154.0,1154.0,1136.7081298828125,140389,2.607313608642926,5.850414784359503,-3.2431011757165775,False,False,-6.391796360813522,0.5073849341632981,1086.47998046875,False,"(0, 1, 0, 0)",False,
2022-01-27,1142.0,1168.0,1134.0,1162.0,1144.5882568359375,124824,2.5611243137136626,5.192556690230336,-2.631432376516673,False,False,-6.391796360813522,0.4116890194827413,1086.47998046875,True,"(0, 1, 0, 0)",False,
2022-01-28,1160.0,1162.5799560546875,1138.0479736328125,1146.0,1128.8280029296875,233675,1.2193966932802596,4.397924690840321,-3.178527997560061,False,False,-5.579441848305743,0.5696856574507099,1096.0,False,"(0, 1, 0, 0)",False,
2022-01-31,1166.0,1174.0,1160.947998046875,1170.0,1152.4683837890625,208127,2.068818624691403,3.932103477610537,-1.8632848529191341,False,False,-5.579441848305743,0.3339554212729971,1096.0,True,"(0, 1, 0, 0)",False,
2022-02-01,1190.0,1196.0,1169.030029296875,1172.0,1154.4384765625,188045,2.870287964428144,3.7197403749740587,-0.8494524105459149,False,False,-4.756647946947618,0.17858214860971913,1103.5849609375,True,"(0, 1, 0, 0)",False,
2022-02-02,1176.0,1186.0,1173.06005859375,1178.0,1160.3485107421875,157228,3.9441422888226043,3.7646207577437676,0.17952153107883673,True,False,-3.372218192720534,0.0,1112.0,True,"(0, 1, 0, 0)",False,
2022-02-03,1172.0,1180.0,1166.0,1176.0,1158.3785400390625,186794,4.58098953382455,3.9278945129599245,0.6530950208646251,False,False,-3.2431011757165775,0.0,1123.676025390625,True,"(0, 1, 0, 0)",False,
2022-02-04,1176.0,1185.7879638671875,1168.0,1168.0,1150.4984130859375,143070,4.389562431584636,4.020228096684868,0.36933433489976863,False,False,-3.2431011757165775,0.0,1123.676025390625,False,"(0, 1, 0, 0)",False,
2022-02-07,1180.0,1190.0,1174.0,1180.0,1162.318603515625,175441,5.146825170800184,4.245547511507931,0.9012776592922531,False,False,-3.2431011757165775,0.0,1123.676025390625,True,"(0, 1, 0, 0)",False,
2022-02-08,1184.0,1189.1590576171875,1176.0,1184.0,1166.2586669921875,115060,6.000557159776463,4.596549441161637,1.4040077186148254,False,False,-3.2431011757165775,0.0,1123.676025390625,True,"(0, 1, 0, 0)",False,
2022-02-09,1190.0,1202.0,1190.0,1192.0,1174.1387939453125,101171,7.239229592841639,5.125085471497638,2.114144121344001,False,False,-3.2431011757165775,0.0,1123.676025390625,True,"(0, 1, 0, 0)",False,
2022-02-10,1206.0,1208.0,1196.0,1202.0,1183.9888916015625,193294,8.924921756210097,5.88505272844013,3.0398690277699663,False,False,-3.2431011757165775,0.0,1123.676025390625,True,"(0, 1, 0, 0)",False,
2022-02-11,1190.0,1208.699951171875,1184.0,1204.0,1185.958984375,82320,10.303456362294355,6.7687334552109775,3.5347229070833777,False,False,-3.2431011757165775,0.0,1123.676025390625,True,"(0, 1, 0, 0)",False,
2022-02-14,1194.0,1203.9520263671875,1176.0,1190.0,1172.168701171875,198801,10.149277584975835,7.4448422811639485,2.704435303811886,False,False,-3.2431011757165775,0.0,1123.676025390625,False,"(0, 1, 0, 0)",False,
2022-02-15,1194.0,1210.0,1188.199951171875,1196.0,1178.078857421875,189048,10.391453372285014,8.034164499388163,2.3572888728968504,False,False,-3.2431011757165775,0.0,1123.676025390625,False,"(0, 1, 0, 0)",False,
2022-02-16,1202.0,1210.0,1196.239990234375,1198.0,1180.048828125,122733,10.622315251796408,8.551794649869812,2.070520601926596,False,False,-3.2431011757165775,0.0,1123.676025390625,False,"(0, 1, 0, 0)",False,
2022-02-17,1198.0,1210.0,1192.0,1196.0,1178.078857421875,161110,10.522593775136102,8.94595447492307,1.5766393002130314,False,False,-3.2431011757165775,0.0,1123.676025390625,False,"(0, 1, 0, 0)",False,
2022-02-18,1190.0,1207.988037109375,1188.0,1192.0,1174.1387939453125,138170,10.005460529067705,9.157855685751997,0.8476048433157075,False,False,-3.2431011757165775,0.0,1123.676025390625,False,"(0, 1, 0, 0)",False,
2022-02-21,1206.0,1206.0,1178.0,1196.0,1178.078857421875,241142,9.805365096358173,9.287357567873233,0.5180075284849401,False,False,-3.2431011757165775,0.0,1123.676025390625,False,"(0, 1, 0, 0)",False,
2022-02-22,1172.0,1194.0,1158.0,1184.0,1166.2586669921875,285583,8.579588251141104,9.145803704526807,-0.5662154533857038,False,True,-3.2431011757165775,0.17459074592718987,1123.676025390625,False,"(0, 1, 0, 0)",False,
2022-02-23,1178.0,1198.5279541015625,1178.0,1182.0,1164.28857421875,157545,7.361904545818334,8.789023872785114,-1.4271193269667801,False,False,-3.2431011757165775,0.44004773506686906,1123.676025390625,False,"(0, 1, 0, 0)",False,
2022-02-24,1154.0,1168.0,1148.0,1156.0,1138.67822265625,174603,4.249908599186483,7.881200818065388,-3.6312922188789045,False,False,-3.6312922188789045,1.0,1123.676025390625,False,"(1, 0, 0, 0)",False,
2022-02-25,1174.0,1189.52001953125,1171.5,1186.0,1168.2286376953125,156722,4.15646534251232,7.136253722954773,-2.9797883804424536,False,False,-3.6312922188789045,0.8205862268397692,1123.676025390625,True,"(1, 0, 0, 0)",False,
2022-02-28,1184.0,1192.0,1161.0,1186.0,1168.2286376953125,141534,4.0358876868913285,6.516180515742084,-2.4802928288507555,False,False,-3.6312922188789045,0.6830331131038804,1123.676025390625,True,"(1, 0, 0, 0)",False,
2022-03-01,1182.0,1194.0,1166.0,1166.0,1148.5283203125,163644,2.2999834999948234,5.672941112592633,-3.3729576125978094,False,False,-3.6312922188789045,0.9288587668769738,1123.676025390625,False,"(1, 0, 0, 0)",False,
2022-03-02,1168.0,1192.0,1159.1199951171875,1192.0,1174.1387939453125,114210,2.9878079183715727,5.1359144737484215,-2.148106555376849,False,False,-3.6312922188789045,0.5915543079152241,1123.676025390625,True,"(1, 0, 0, 0)",False,
2022-03-03,1178.0,1190.0,1168.0,1168.0,1150.4984130859375,125244,1.5781227923689585,4.424356137472529,-2.8462333451035704,False,False,-3.6312922188789045,0.7838072987643757,1123.676025390625,False,"(1, 0, 0, 0)",False,
2022-03-04,1164.0,1176.9000244140625,1130.5999755859375,1138.0,1120.9478759765625,218079,-1.9374779399561248,3.151989321986798,-5.089467261942923,False,False,-5.089467261942923,1.0,1123.676025390625,False,"(1, 0, 0, 0)",False,
2022-03-07,1114.0,1154.0,1090.0400390625,1138.0,1120.9478759765625,248228,-4.669786455520807,1.5876341664852769,-6.257420622006084,False,False,-6.257420622006084,1.0,1090.0400390625,False,"(1, 0, 0, 0)",False,
2022-03-08,1140.0,1150.0,1127.074951171875,1134.0,1117.0078125,181797,-7.076355374058949,-0.14516374162356863,-6.93119163243538,False,False,-6.93119163243538,1.0,1090.0400390625,False,"(1, 0, 0, 0)",False,
2022-03-09,1156.0,1176.0,1152.0,1176.0,1158.3785400390625,159127,-5.5307744024721615,-1.2222858737932876,-4.308488528678874,False,False,-6.93119163243538,0.6216086291016341,1090.0400390625,True,"(1, 0, 0, 0)",False,
2022-03-10,1158.0,1183.3399658203125,1158.0,1160.0,1142.6182861328125,157553,-5.5331735996214775,-2.0844634189589257,-3.4487101806625517,False,False,-6.93119163243538,0.4975638192607286,1090.0400390625,True,"(1, 0, 0, 0)",False,
2022-03-11,1168.0,1212.8399658203125,1157.800048828125,1180.0,1162.318603515625,187011,-3.8765556635996745,-2.442881867887076,-1.4336737957125987,False,False,-6.93119163243538,0.2068437682495377,1090.0400390625,True,"(1, 0, 0, 0)",False,
2022-03-14,1184.0,1195.0,1177.199951171875,1186.0,1168.2286376953125,101570,-2.0558258930639113,-2.365470672922443,0.30964477985853156,True,False,-6.93119163243538,0.0,1090.0400390625,True,"(1, 0, 0, 0)",False,
2022-03-15,1190.0,1190.0,1166.0,1182.0,1164.28857421875,138571,-0.9249883041695739,-2.077374199171869,1.1523858950022952,False,False,-6.93119163243538,0.0,1090.0400390625,True,"(1, 0, 0, 0)",False,
2022-03-16,1184.0,1222.0,1180.93994140625,1214.0,1195.80908203125,371606,2.5242432199322593,-1.157050715351043,3.6812939352833025,False,False,-6.93119163243538,0.0,1090.0400390625,True,"(1, 0, 0, 0)",False,
2022-03-17,1222.0,1225.97998046875,1192.696044921875,1208.0,1189.8990478515625,159838,4.719233818915654,0.01820619150229686,4.701027627413358,False,False,-6.93119163243538,0.0,1090.0400390625,True,"(1, 0, 0, 0)",False,
2022-03-18,1216.0,1229.9449462890625,1202.0,1222.0,1203.689208984375,240169,7.5019844450259825,1.5149618422070346,5.987022602818948,False,False,-6.93119163243538,0.0,1090.0400390625,True,"(1, 0, 0, 0)",False,
2022-03-21,1220.0,1234.0,1214.0,1224.0,1205.6593017578125,138863,9.756253626859916,3.1632201991376117,6.593033427722304,False,False,-6.93119163243538,0.0,1090.0400390625,True,"(1, 0, 0, 0)",False,
2022-03-22,1236.0,1241.449951171875,1220.0,1220.0,1201.71923828125,152677,11.092148249383854,4.749005809186861,6.343142440196993,False,False,-6.93119163243538,0.0,1090.0400390625,False,"(1, 0, 0, 0)",False,
2022-03-23,1218.0,1237.300048828125,1212.0,1232.0,1213.5394287109375,141594,12.96964802590719,6.393134252530928,6.576513773376263,False,False,-6.93119163243538,0.0,1090.0400390625,True,"(1, 0, 0, 0)",False,
2022-03-24,1220.0,1234.991943359375,1214.0,1228.0,1209.599365234375,124121,13.973733063370219,7.909254014698787,6.064479048671432,False,False,-6.93119163243538,0.0,1090.0400390625,False,"(1, 0, 0, 0)",False,
2022-03-25,1228.0,1242.0,1214.0,1240.0,1221.4195556640625,135673,15.558429494559732,9.439089110670977,6.119340383888755,False,False,-6.93119163243538,0.0,1090.0400390625,True,"(1, 0, 0, 0)",False,
2022-03-28,1244.0,1260.0,1223.487060546875,1246.0,1227.32958984375,138778,17.10132920343699,10.971537129224181,6.1297920742128085,False,False,-6.93119163243538,0.0,1090.0400390625,True,"(1, 0, 0, 0)",False,
2022-03-29,1254.0,1266.0,1248.0,1260.0,1241.119873046875,207914,19.232075919673207,12.623644887313988,6.608431032359219,False,False,-6.93119163243538,0.0,1090.0400390625,True,"(1, 0, 0, 0)",False,
2022-03-30,1268.0,1272.0,1261.0,1272.0,1252.9400634765625,154407,21.63956036030936,14.426827981913066,7.212732378396295,False,False,-6.93119163243538,0.0,1090.0400390625,True,"(1, 0, 0, 0)",False,
2022-03-31,1260.0,1280.0,1246.9930419921875,1254.0,1235.209716796875,190138,21.843264022751328,15.91011519008072,5.933148832670607,False,False,-6.93119163243538,0.0,1090.0400390625,False,"(1, 0, 0, 0)",False,
2022-04-01,1266.0,1268.0,1254.0,1264.0,1245.0599365234375,153588,22.55165561192007,17.238423274448593,5.313232337471476,False,False,-6.93119163243538,0.0,1090.0400390625,False,"(1, 0, 0, 0)",False,
2022-04-04,1270.0,1282.0,1264.0,1276.0,1256.880126953125,179119,23.806929289795107,18.552124477517896,5.254804812277211,False,False,-6.93119163243538,0.0,1090.0400390625,False,"(1, 0, 0, 0)",False,
2022-04-05,1260.0,1283.1939697265625,1256.0,1278.0,1258.85009765625,167030,24.678645938031877,19.777428769620695,4.901217168411183,False,False,-6.93119163243538,0.0,1090.0400390625,False,"(1, 0, 0, 0)",False,
2022-04-06,1270.0,1282.0,1263.4420166015625,1268.0,1249.0,338977,24.282655900472037,20.678474195790965,3.6041817046810714,False,False,-6.93119163243538,0.0,1090.0400390625,False,"(1, 0, 0, 0)",False,
2022-04-07,1256.0,1274.0,1234.8800048828125,1264.0,1264.0,260904,23.376593555364025,21.21809806770558,2.1584954876584455,False,False,-6.93119163243538,0.0,1090.0400390625,False,"(1, 0, 0, 0)",False,
2022-04-08,1280.0,1280.0,1262.0,1264.0,1264.0,207891,22.40031572283715,21.454541598731897,0.9457741241052524,False,False,-6.93119163243538,0.0,1090.0400390625,False,"(1, 0, 0, 0)",False,
2022-04-11,1270.0,1286.0,1256.2120361328125,1278.0,1278.0,181934,22.496960538612484,21.663025386708018,0.8339351519044662,False,False,-6.93119163243538,0.0,1090.0400390625,False,"(1, 0, 0, 0)",False,
2022-04-12,1264.0,1274.0,1256.0,1272.0,1272.0,179991,21.837671316894557,21.697954572745328,0.1397167441492293,False,False,-6.93119163243538,0.0,1090.0400390625,False,"(1, 0, 0, 0)",False,
2022-04-13,1264.0,1278.0,1255.9019775390625,1266.0,1266.0,171706,20.59363935022361,21.477091528240987,-0.8834521780173752,False,True,-6.93119163243538,0.12746035961307867,1090.0400390625,False,"(0, 1, 0, 0)",False,
2022-04-14,1266.0,1272.0,1256.0,1268.0,1268.0,109504,19.543829240260493,21.09043907064489,-1.5466098303843978,False,False,-6.93119163243538,0.22313765257143423,1090.0400390625,False,"(0, 1, 0, 0)",False,
2022-04-19,1268.0,1274.6800537109375,1253.800048828125,1270.0,1270.0,175736,18.658150899702605,20.603981436456436,-1.9458305367538316,False,False,-6.93119163243538,0.28073535402600525,1090.0400390625,False,"(0, 1, 0, 0)",False,
2022-04-20,1260.0,1280.0,1260.0,1278.0,1278.0,220555,18.389791502653907,20.16114344969593,-1.7713519470420245,False,False,-6.93119163243538,0.2555623969120636,1090.0400390625,True,"(0, 1, 0, 0)",False,
2022-04-21,1268.0,1280.0,1262.0,1262.0,1262.0,134421,16.69361486941125,19.467637733638995,-2.774022864227746,False,False,-6.93119163243538,0.40022308014777114,1090.0400390625,False,"(0, 1, 0, 0)",False,
2022-04-22,1246.0,1268.5860595703125,1240.0,1240.0,1240.0,169893,13.419475179614437,18.258005222834083,-4.838530043219645,False,False,-6.93119163243538,0.6980805465797739,1090.0400390625,False,"(0, 1, 0, 0)",False,
2022-04-25,1234.0,1234.0,1203.8050537109375,1222.0,1222.0,157122,9.265440098441104,16.459492197955488,-7.1940520995143835,False,False,-7.1940520995143835,1.0,1090.0400390625,False,"(1, 0, 0, 0)",False,
2022-04-26,1234.0,1245.5,1220.0,1220.0,1220.0,165479,5.745720988785706,14.31673795612153,-8.571016967335824,False,False,-8.571016967335824,1.0,1090.0400390625,False,"(1, 0, 0, 0)",False,
2022-04-27,1220.0,1237.751953125,1213.093994140625,1224.0,1224.0,103407,3.2417163180014086,12.101733628497506,-8.860017310496097,False,False,-8.860017310496097,1.0,1090.0400390625,False,"(1, 0, 0, 0)",False,
2022-04-28,1229.0,1254.0,1226.0,1244.0,1244.0,106656,2.83838825133148,10.2490645530643,-7.4106763017328205,False,False,-8.860017310496097,0.8364178129712792,1090.0400390625,True,"(1, 0, 0, 0)",False,
